-1
4
10
19
29
37
42
40
30
14
-4
-19
-26
-23
-11
6
21
28
23
9
-11
-28
-33
-25
-6
18
37
40
27
1
-28
-48
-48
-27
7
42
61
55
25
-19
-58
-76
-61
-19
36
79
91
65
7
-58
-103
-107
-64
11
86
130
121
57
-37
-122
-161
-131
-42
73
166
193
137
16
-122
-218
-225
-134
25
187
280
258
119
-86
-272
-356
-288
-86
177
389
450
316
23
-318
-559
-580
-339
95
556
842
790
356
-347
-1065
-1474
-1288
-367
1215
3169
5058
6425
6924
6425
5058
3169
1215
-367
-1288
-1474
-1065
-347
356
790
842
556
95
-339
-580
-559
-318
23
316
450
389
177
-86
-288
-356
-272
-86
119
258
280
187
25
-134
-225
-218
-122
16
137
193
166
73
-42
-131
-161
-122
-37
57
121
130
86
11
-64
-107
-103
-58
7
65
91
79
36
-19
-61
-76
-58
-19
25
55
61
42
7
-27
-48
-48
-28
1
27
40
37
18
-6
-25
-33
-28
-11
9
23
28
21
6
-11
-23
-26
-19
-4
14
30
40
42
37
29
19
10
4
-1
